(kicad_pcb (version 20171130) (host pcbnew 5.0.1)

  (general
    (thickness 1.6)
    (drawings 10)
    (tracks 538)
    (zones 0)
    (modules 75)
    (nets 54)
  )

  (page A4)
  (layers
    (0 F.Cu signal)
    (31 B.Cu signal)
    (32 B.Adhes user)
    (33 F.Adhes user)
    (34 B.Paste user)
    (35 F.Paste user)
    (36 B.SilkS user)
    (37 F.SilkS user)
    (38 B.Mask user)
    (39 F.Mask user)
    (40 Dwgs.User user)
    (41 Cmts.User user)
    (42 Eco1.User user)
    (43 Eco2.User user)
    (44 Edge.Cuts user)
    (45 Margin user)
    (46 B.CrtYd user)
    (47 F.CrtYd user hide)
    (48 B.Fab user)
    (49 F.Fab user)
  )

  (setup
    (last_trace_width 0.127)
    (trace_clearance 0.127)
    (zone_clearance 0.508)
    (zone_45_only no)
    (trace_min 0.127)
    (segment_width 0.2)
    (edge_width 0.2)
    (via_size 0.6)
    (via_drill 0.3)
    (via_min_size 0.127)
    (via_min_drill 0.3)
    (uvia_size 0.3)
    (uvia_drill 0.1)
    (uvias_allowed no)
    (uvia_min_size 0.2)
    (uvia_min_drill 0.1)
    (pcb_text_width 0.3)
    (pcb_text_size 1.5 1.5)
    (mod_edge_width 0.15)
    (mod_text_size 1 1)
    (mod_text_width 0.15)
    (pad_size 4 4)
    (pad_drill 4)
    (pad_to_mask_clearance 0)
    (solder_mask_min_width 0.25)
    (aux_axis_origin 0 0)
    (visible_elements FFFDFF7F)
    (pcbplotparams
      (layerselection 0x010fc_ffffffff)
      (usegerberextensions false)
      (usegerberattributes false)
      (usegerberadvancedattributes false)
      (creategerberjobfile false)
      (excludeedgelayer true)
      (linewidth 0.100000)
      (plotframeref false)
      (viasonmask false)
      (mode 1)
      (useauxorigin false)
      (hpglpennumber 1)
      (hpglpenspeed 20)
      (hpglpendiameter 15.000000)
      (psnegative false)
      (psa4output false)
      (plotreference true)
      (plotvalue true)
      (plotinvisibletext false)
      (padsonsilk false)
      (subtractmaskfromsilk false)
      (outputformat 1)
      (mirror false)
      (drillshape 0)
      (scaleselection 1)
      (outputdirectory "gerber/"))
  )

  (net 0 "")
  (net 1 GND)
  (net 2 "Net-(D1-Pad2)")
  (net 3 "Net-(D2-Pad2)")
  (net 4 "Net-(D10-Pad2)")
  (net 5 "Net-(D2-Pad1)")
  (net 6 "Net-(D3-Pad1)")
  (net 7 "Net-(D11-Pad2)")
  (net 8 "Net-(D3-Pad2)")
  (net 9 Col4)
  (net 10 "Net-(D4-Pad2)")
  (net 11 "Net-(D5-Pad2)")
  (net 12 "Net-(D5-Pad1)")
  (net 13 "Net-(D6-Pad2)")
  (net 14 "Net-(D6-Pad1)")
  (net 15 "Net-(D7-Pad2)")
  (net 16 "Net-(D8-Pad1)")
  (net 17 "Net-(D8-Pad2)")
  (net 18 Row1)
  (net 19 Row2)
  (net 20 Row3)
  (net 21 Row4)
  (net 22 Row5)
  (net 23 Col1)
  (net 24 Col2)
  (net 25 Col3)
  (net 26 "Net-(D13-Pad1)")
  (net 27 "Net-(D14-Pad1)")
  (net 28 "Net-(D16-Pad1)")
  (net 29 "Net-(D9-Pad2)")
  (net 30 OSC_IN)
  (net 31 NRST)
  (net 32 "Net-(D12-Pad2)")
  (net 33 BOOT)
  (net 34 "Net-(D9-Pad1)")
  (net 35 "Net-(D11-Pad1)")
  (net 36 "Net-(D12-Pad1)")
  (net 37 "Net-(D15-Pad1)")
  (net 38 "Net-(D17-Pad1)")
  (net 39 +3V3)
  (net 40 OSC_OUT)
  (net 41 VBUS)
  (net 42 "Net-(C11-Pad1)")
  (net 43 "Net-(J3-PadA5)")
  (net 44 "Net-(J3-PadB5)")
  (net 45 USB_P)
  (net 46 USB_N)
  (net 47 "Net-(R10-Pad1)")
  (net 48 "Net-(R11-Pad1)")
  (net 49 /led/UGLOW_LED)
  (net 50 "Net-(D18-Pad1)")
  (net 51 "Net-(D19-Pad1)")
  (net 52 "Net-(D20-Pad1)")
  (net 53 "Net-(D21-Pad1)")

  (net_class Default "This is the default net class."
    (clearance 0.127)
    (trace_width 0.127)
    (via_dia 0.6)
    (via_drill 0.3)
    (uvia_dia 0.3)
    (uvia_drill 0.1)
    (add_net +3V3)
    (add_net /led/UGLOW_LED)
    (add_net BOOT)
    (add_net Col1)
    (add_net Col2)
    (add_net Col3)
    (add_net Col4)
    (add_net GND)
    (add_net NRST)
    (add_net "Net-(C11-Pad1)")
    (add_net "Net-(D1-Pad2)")
    (add_net "Net-(D10-Pad2)")
    (add_net "Net-(D11-Pad1)")
    (add_net "Net-(D11-Pad2)")
    (add_net "Net-(D12-Pad1)")
    (add_net "Net-(D12-Pad2)")
    (add_net "Net-(D13-Pad1)")
    (add_net "Net-(D14-Pad1)")
    (add_net "Net-(D15-Pad1)")
    (add_net "Net-(D16-Pad1)")
    (add_net "Net-(D17-Pad1)")
    (add_net "Net-(D18-Pad1)")
    (add_net "Net-(D19-Pad1)")
    (add_net "Net-(D2-Pad1)")
    (add_net "Net-(D2-Pad2)")
    (add_net "Net-(D20-Pad1)")
    (add_net "Net-(D21-Pad1)")
    (add_net "Net-(D3-Pad1)")
    (add_net "Net-(D3-Pad2)")
    (add_net "Net-(D4-Pad2)")
    (add_net "Net-(D5-Pad1)")
    (add_net "Net-(D5-Pad2)")
    (add_net "Net-(D6-Pad1)")
    (add_net "Net-(D6-Pad2)")
    (add_net "Net-(D7-Pad2)")
    (add_net "Net-(D8-Pad1)")
    (add_net "Net-(D8-Pad2)")
    (add_net "Net-(D9-Pad1)")
    (add_net "Net-(D9-Pad2)")
    (add_net "Net-(J3-PadA5)")
    (add_net "Net-(J3-PadB5)")
    (add_net "Net-(R10-Pad1)")
    (add_net "Net-(R11-Pad1)")
    (add_net OSC_IN)
    (add_net OSC_OUT)
    (add_net Row1)
    (add_net Row2)
    (add_net Row3)
    (add_net Row4)
    (add_net Row5)
    (add_net USB_N)
    (add_net USB_P)
  )

  (net_class "VCC GND" ""
    (clearance 0.27)
    (trace_width 0.25)
    (via_dia 0.6)
    (via_drill 0.3)
    (uvia_dia 0.3)
    (uvia_drill 0.1)
    (add_net VBUS)
  )

  (net_class "small via" ""
    (clearance 0.127)
    (trace_width 0.127)
    (via_dia 0.6)
    (via_drill 0.4)
    (uvia_dia 0.3)
    (uvia_drill 0.1)
  )

  (module keyboard_parts:SOT23-3_HSOL (layer B.Cu) (tedit 0) (tstamp 5C2C76C0)
    (at 121.975 74.7 90)
    (descr SOT23)
    (path /5D7467E1/5D7480F9)
    (attr smd)
    (fp_text reference D2 (at 0 0 90) (layer B.SilkS)
      (effects (font (size 0.8 0.8) (thickness 0.15)) (justify mirror))
    )
    (fp_text value D_x2_KCom_AAK (at 0 -0.09906 90) (layer B.SilkS) hide
      (effects (font (size 0.8 0.8) (thickness 0.15)) (justify mirror))
    )
    (fp_line (start -1.4986 -0.6985) (end -1.4986 0.6985) (layer B.SilkS) (width 0.127))
    (fp_line (start 1.4986 -0.6985) (end -1.4986 -0.6985) (layer B.SilkS) (width 0.127))
    (fp_line (start 1.4986 0.6985) (end 1.4986 -0.6985) (layer B.SilkS) (width 0.127))
    (fp_line (start -1.4986 0.6985) (end 1.4986 0.6985) (layer B.SilkS) (width 0.127))
    (fp_line (start 0 0.6985) (end 0 1.3589) (layer B.SilkS) (width 0.127))
    (fp_line (start -0.9525 -0.6985) (end -0.9525 -1.3589) (layer B.SilkS) (width 0.127))
    (fp_line (start 0.9525 -0.6985) (end 0.9525 -1.3589) (layer B.SilkS) (width 0.127))
    (pad 2 smd rect (at 0.95 -1.3 90) (size 0.8 1.2) (layers B.Cu B.Paste B.Mask)
      (net 3 "Net-(D2-Pad2)"))
    (pad 3 smd rect (at 0 1.3 90) (size 0.8 1.2) (layers B.Cu B.Paste B.Mask)
      (net 23 Col1))
    (pad 1 smd rect (at -0.95 -1.3 90) (size 0.8 1.2) (layers B.Cu B.Paste B.Mask)
      (net 5 "Net-(D2-Pad1)"))
    (model smd/smd_transistors/sot23.wrl
      (at (xyz 0 0 0))
      (scale (xyz 1 1 1))
      (rotate (xyz 0 0 0))
    )
  )

  (module keyboard_parts:SOT23-3_HSOL (layer B.Cu) (tedit 0) (tstamp 5C2C76CE)
    (at 121.975 112.8 90)
    (descr SOT23)
    (path /5D7467E1/5C226E98)
    (attr smd)
    (fp_text reference D3 (at 0 0 90) (layer B.SilkS)
      (effects (font (size 0.8 0.8) (thickness 0.15)) (justify mirror))
    )
    (fp_text value D_x2_KCom_AAK (at 0 -0.09906 90) (layer B.SilkS) hide
      (effects (font (size 0.8 0.8) (thickness 0.15)) (justify mirror))
    )
    (fp_line (start -1.4986 -0.6985) (end -1.4986 0.6985) (layer B.SilkS) (width 0.127))
    (fp_line (start 1.4986 -0.6985) (end -1.4986 -0.6985) (layer B.SilkS) (width 0.127))
    (fp_line (start 1.4986 0.6985) (end 1.4986 -0.6985) (layer B.SilkS) (width 0.127))
    (fp_line (start -1.4986 0.6985) (end 1.4986 0.6985) (layer B.SilkS) (width 0.127))
    (fp_line (start 0 0.6985) (end 0 1.3589) (layer B.SilkS) (width 0.127))
    (fp_line (start -0.9525 -0.6985) (end -0.9525 -1.3589) (layer B.SilkS) (width 0.127))
    (fp_line (start 0.9525 -0.6985) (end 0.9525 -1.3589) (layer B.SilkS) (width 0.127))
    (pad 2 smd rect (at 0.95 -1.3 90) (size 0.8 1.2) (layers B.Cu B.Paste B.Mask)
      (net 8 "Net-(D3-Pad2)"))
    (pad 3 smd rect (at 0 1.3 90) (size 0.8 1.2) (layers B.Cu B.Paste B.Mask)
      (net 23 Col1))
    (pad 1 smd rect (at -0.95 -1.3 90) (size 0.8 1.2) (layers B.Cu B.Paste B.Mask)
      (net 6 "Net-(D3-Pad1)"))
    (model smd/smd_transistors/sot23.wrl
      (at (xyz 0 0 0))
      (scale (xyz 1 1 1))
      (rotate (xyz 0 0 0))
    )
  )

  (module keyboard_parts:SOT23-3_HSOL (layer B.Cu) (tedit 0) (tstamp 5C2C76EA)
    (at 141.025 74.7 90)
    (descr SOT23)
    (path /5D7467E1/5D748114)
    (attr smd)
    (fp_text reference D5 (at 0 0 90) (layer B.SilkS)
      (effects (font (size 0.8 0.8) (thickness 0.15)) (justify mirror))
    )
    (fp_text value D_x2_KCom_AAK (at 0 -0.09906 90) (layer B.SilkS) hide
      (effects (font (size 0.8 0.8) (thickness 0.15)) (justify mirror))
    )
    (fp_line (start -1.4986 -0.6985) (end -1.4986 0.6985) (layer B.SilkS) (width 0.127))
    (fp_line (start 1.4986 -0.6985) (end -1.4986 -0.6985) (layer B.SilkS) (width 0.127))
    (fp_line (start 1.4986 0.6985) (end 1.4986 -0.6985) (layer B.SilkS) (width 0.127))
    (fp_line (start -1.4986 0.6985) (end 1.4986 0.6985) (layer B.SilkS) (width 0.127))
    (fp_line (start 0 0.6985) (end 0 1.3589) (layer B.SilkS) (width 0.127))
    (fp_line (start -0.9525 -0.6985) (end -0.9525 -1.3589) (layer B.SilkS) (width 0.127))
    (fp_line (start 0.9525 -0.6985) (end 0.9525 -1.3589) (layer B.SilkS) (width 0.127))
    (pad 2 smd rect (at 0.95 -1.3 90) (size 0.8 1.2) (layers B.Cu B.Paste B.Mask)
      (net 11 "Net-(D5-Pad2)"))
    (pad 3 smd rect (at 0 1.3 90) (size 0.8 1.2) (layers B.Cu B.Paste B.Mask)
      (net 24 Col2))
    (pad 1 smd rect (at -0.95 -1.3 90) (size 0.8 1.2) (layers B.Cu B.Paste B.Mask)
      (net 12 "Net-(D5-Pad1)"))
    (model smd/smd_transistors/sot23.wrl
      (at (xyz 0 0 0))
      (scale (xyz 1 1 1))
      (rotate (xyz 0 0 0))
    )
  )

  (module keyboard_parts:SOT23-3_HSOL (layer B.Cu) (tedit 0) (tstamp 5C2C76F8)
    (at 141.025 112.8 90)
    (descr SOT23)
    (path /5D7467E1/5C226EB3)
    (attr smd)
    (fp_text reference D6 (at 0 0 90) (layer B.SilkS)
      (effects (font (size 0.8 0.8) (thickness 0.15)) (justify mirror))
    )
    (fp_text value D_x2_KCom_AAK (at 0 -0.09906 90) (layer B.SilkS) hide
      (effects (font (size 0.8 0.8) (thickness 0.15)) (justify mirror))
    )
    (fp_line (start -1.4986 -0.6985) (end -1.4986 0.6985) (layer B.SilkS) (width 0.127))
    (fp_line (start 1.4986 -0.6985) (end -1.4986 -0.6985) (layer B.SilkS) (width 0.127))
    (fp_line (start 1.4986 0.6985) (end 1.4986 -0.6985) (layer B.SilkS) (width 0.127))
    (fp_line (start -1.4986 0.6985) (end 1.4986 0.6985) (layer B.SilkS) (width 0.127))
    (fp_line (start 0 0.6985) (end 0 1.3589) (layer B.SilkS) (width 0.127))
    (fp_line (start -0.9525 -0.6985) (end -0.9525 -1.3589) (layer B.SilkS) (width 0.127))
    (fp_line (start 0.9525 -0.6985) (end 0.9525 -1.3589) (layer B.SilkS) (width 0.127))
    (pad 2 smd rect (at 0.95 -1.3 90) (size 0.8 1.2) (layers B.Cu B.Paste B.Mask)
      (net 13 "Net-(D6-Pad2)"))
    (pad 3 smd rect (at 0 1.3 90) (size 0.8 1.2) (layers B.Cu B.Paste B.Mask)
      (net 24 Col2))
    (pad 1 smd rect (at -0.95 -1.3 90) (size 0.8 1.2) (layers B.Cu B.Paste B.Mask)
      (net 14 "Net-(D6-Pad1)"))
    (model smd/smd_transistors/sot23.wrl
      (at (xyz 0 0 0))
      (scale (xyz 1 1 1))
      (rotate (xyz 0 0 0))
    )
  )

  (module keyboard_parts:SOT23-3_HSOL (layer B.Cu) (tedit 0) (tstamp 5C2C7714)
    (at 160.075 74.7 90)
    (descr SOT23)
    (path /5D7467E1/5D74812F)
    (attr smd)
    (fp_text reference D8 (at 0 0 90) (layer B.SilkS)
      (effects (font (size 0.8 0.8) (thickness 0.15)) (justify mirror))
    )
    (fp_text value D_x2_KCom_AAK (at 0 -0.09906 90) (layer B.SilkS) hide
      (effects (font (size 0.8 0.8) (thickness 0.15)) (justify mirror))
    )
    (fp_line (start 0.9525 -0.6985) (end 0.9525 -1.3589) (layer B.SilkS) (width 0.127))
    (fp_line (start -0.9525 -0.6985) (end -0.9525 -1.3589) (layer B.SilkS) (width 0.127))
    (fp_line (start 0 0.6985) (end 0 1.3589) (layer B.SilkS) (width 0.127))
    (fp_line (start -1.4986 0.6985) (end 1.4986 0.6985) (layer B.SilkS) (width 0.127))
    (fp_line (start 1.4986 0.6985) (end 1.4986 -0.6985) (layer B.SilkS) (width 0.127))
    (fp_line (start 1.4986 -0.6985) (end -1.4986 -0.6985) (layer B.SilkS) (width 0.127))
    (fp_line (start -1.4986 -0.6985) (end -1.4986 0.6985) (layer B.SilkS) (width 0.127))
    (pad 1 smd rect (at -0.95 -1.3 90) (size 0.8 1.2) (layers B.Cu B.Paste B.Mask)
      (net 16 "Net-(D8-Pad1)"))
    (pad 3 smd rect (at 0 1.3 90) (size 0.8 1.2) (layers B.Cu B.Paste B.Mask)
      (net 25 Col3))
    (pad 2 smd rect (at 0.95 -1.3 90) (size 0.8 1.2) (layers B.Cu B.Paste B.Mask)
      (net 17 "Net-(D8-Pad2)"))
    (model smd/smd_transistors/sot23.wrl
      (at (xyz 0 0 0))
      (scale (xyz 1 1 1))
      (rotate (xyz 0 0 0))
    )
  )

  (module Capacitor_SMD:C_0805_2012Metric_Pad1.15x1.40mm_HandSolder (layer F.Cu) (tedit 5B36C52B) (tstamp 5C4340E6)
    (at 175.875 53.9)
    (descr "Capacitor SMD 0805 (2012 Metric), square (rectangular) end terminal, IPC_7351 nominal with elongated pad for handsoldering. (Body size source: https://docs.google.com/spreadsheets/d/1BsfQQcO9C6DZCsRaXUlFlo91Tg2WpOkGARC1WS5S8t0/edit?usp=sharing), generated with kicad-footprint-generator")
    (tags "capacitor handsolder")
    (path /5C59E57B)
    (attr smd)
    (fp_text reference C1 (at 0.02695 1.65115) (layer F.SilkS)
      (effects (font (size 1 1) (thickness 0.15)))
    )
    (fp_text value 0.1u (at 0 1.65) (layer F.Fab)
      (effects (font (size 1 1) (thickness 0.15)))
    )
    (fp_text user %R (at 0 0) (layer F.Fab)
      (effects (font (size 0.5 0.5) (thickness 0.08)))
    )
    (fp_line (start 1.85 0.95) (end -1.85 0.95) (layer F.CrtYd) (width 0.05))
    (fp_line (start 1.85 -0.95) (end 1.85 0.95) (layer F.CrtYd) (width 0.05))
    (fp_line (start -1.85 -0.95) (end 1.85 -0.95) (layer F.CrtYd) (width 0.05))
    (fp_line (start -1.85 0.95) (end -1.85 -0.95) (layer F.CrtYd) (width 0.05))
    (fp_line (start -0.261252 0.71) (end 0.261252 0.71) (layer F.SilkS) (width 0.12))
    (fp_line (start -0.261252 -0.71) (end 0.261252 -0.71) (layer F.SilkS) (width 0.12))
    (fp_line (start 1 0.6) (end -1 0.6) (layer F.Fab) (width 0.1))
    (fp_line (start 1 -0.6) (end 1 0.6) (layer F.Fab) (width 0.1))
    (fp_line (start -1 -0.6) (end 1 -0.6) (layer F.Fab) (width 0.1))
    (fp_line (start -1 0.6) (end -1 -0.6) (layer F.Fab) (width 0.1))
    (pad 2 smd roundrect (at 1.025 0) (size 1.15 1.4) (layers F.Cu F.Paste F.Mask) (roundrect_rratio 0.217391)
      (net 39 +3V3))
    (pad 1 smd roundrect (at -1.025 0) (size 1.15 1.4) (layers F.Cu F.Paste F.Mask) (roundrect_rratio 0.217391)
      (net 1 GND))
    (model ${KISYS3DMOD}/Capacitor_SMD.3dshapes/C_0805_2012Metric.wrl
      (at (xyz 0 0 0))
      (scale (xyz 1 1 1))
      (rotate (xyz 0 0 0))
    )
  )

  (module Capacitor_SMD:C_0805_2012Metric_Pad1.15x1.40mm_HandSolder (layer F.Cu) (tedit 5B36C52B) (tstamp 5C4340F6)
    (at 180.9 43.6 90)
    (descr "Capacitor SMD 0805 (2012 Metric), square (rectangular) end terminal, IPC_7351 nominal with elongated pad for handsoldering. (Body size source: https://docs.google.com/spreadsheets/d/1BsfQQcO9C6DZCsRaXUlFlo91Tg2WpOkGARC1WS5S8t0/edit?usp=sharing), generated with kicad-footprint-generator")
    (tags "capacitor handsolder")
    (path /5C59E5C4)
    (attr smd)
    (fp_text reference C2 (at 0 -1.65 90) (layer F.SilkS)
      (effects (font (size 1 1) (thickness 0.15)))
    )
    (fp_text value 0.1u (at 0 1.65 90) (layer F.Fab)
      (effects (font (size 1 1) (thickness 0.15)))
    )
    (fp_line (start -1 0.6) (end -1 -0.6) (layer F.Fab) (width 0.1))
    (fp_line (start -1 -0.6) (end 1 -0.6) (layer F.Fab) (width 0.1))
    (fp_line (start 1 -0.6) (end 1 0.6) (layer F.Fab) (width 0.1))
    (fp_line (start 1 0.6) (end -1 0.6) (layer F.Fab) (width 0.1))
    (fp_line (start -0.261252 -0.71) (end 0.261252 -0.71) (layer F.SilkS) (width 0.12))
    (fp_line (start -0.261252 0.71) (end 0.261252 0.71) (layer F.SilkS) (width 0.12))
    (fp_line (start -1.85 0.95) (end -1.85 -0.95) (layer F.CrtYd) (width 0.05))
    (fp_line (start -1.85 -0.95) (end 1.85 -0.95) (layer F.CrtYd) (width 0.05))
    (fp_line (start 1.85 -0.95) (end 1.85 0.95) (layer F.CrtYd) (width 0.05))
    (fp_line (start 1.85 0.95) (end -1.85 0.95) (layer F.CrtYd) (width 0.05))
    (fp_text user %R (at 0 0 90) (layer F.Fab)
      (effects (font (size 0.5 0.5) (thickness 0.08)))
    )
    (pad 1 smd roundrect (at -1.025 0 90) (size 1.15 1.4) (layers F.Cu F.Paste F.Mask) (roundrect_rratio 0.217391)
      (net 1 GND))
    (pad 2 smd roundrect (at 1.025 0 90) (size 1.15 1.4) (layers F.Cu F.Paste F.Mask) (roundrect_rratio 0.217391)
      (net 39 +3V3))
    (model ${KISYS3DMOD}/Capacitor_SMD.3dshapes/C_0805_2012Metric.wrl
      (at (xyz 0 0 0))
      (scale (xyz 1 1 1))
      (rotate (xyz 0 0 0))
    )
  )

  (module Capacitor_SMD:C_0805_2012Metric_Pad1.15x1.40mm_HandSolder (layer F.Cu) (tedit 5B36C52B) (tstamp 5C7E1F09)
    (at 170.9 38.4 180)
    (descr "Capacitor SMD 0805 (2012 Metric), square (rectangular) end terminal, IPC_7351 nominal with elongated pad for handsoldering. (Body size source: https://docs.google.com/spreadsheets/d/1BsfQQcO9C6DZCsRaXUlFlo91Tg2WpOkGARC1WS5S8t0/edit?usp=sharing), generated with kicad-footprint-generator")
    (tags "capacitor handsolder")
    (path /5C59E5FE)
    (attr smd)
    (fp_text reference C3 (at 0 -1.65 180) (layer F.SilkS)
      (effects (font (size 1 1) (thickness 0.15)))
    )
    (fp_text value 0.1u (at 0 1.65 180) (layer F.Fab)
      (effects (font (size 1 1) (thickness 0.15)))
    )
    (fp_text user %R (at 0 0 180) (layer F.Fab)
      (effects (font (size 0.5 0.5) (thickness 0.08)))
    )
    (fp_line (start 1.85 0.95) (end -1.85 0.95) (layer F.CrtYd) (width 0.05))
    (fp_line (start 1.85 -0.95) (end 1.85 0.95) (layer F.CrtYd) (width 0.05))
    (fp_line (start -1.85 -0.95) (end 1.85 -0.95) (layer F.CrtYd) (width 0.05))
    (fp_line (start -1.85 0.95) (end -1.85 -0.95) (layer F.CrtYd) (width 0.05))
    (fp_line (start -0.261252 0.71) (end 0.261252 0.71) (layer F.SilkS) (width 0.12))
    (fp_line (start -0.261252 -0.71) (end 0.261252 -0.71) (layer F.SilkS) (width 0.12))
    (fp_line (start 1 0.6) (end -1 0.6) (layer F.Fab) (width 0.1))
    (fp_line (start 1 -0.6) (end 1 0.6) (layer F.Fab) (width 0.1))
    (fp_line (start -1 -0.6) (end 1 -0.6) (layer F.Fab) (width 0.1))
    (fp_line (start -1 0.6) (end -1 -0.6) (layer F.Fab) (width 0.1))
    (pad 2 smd roundrect (at 1.025 0 180) (size 1.15 1.4) (layers F.Cu F.Paste F.Mask) (roundrect_rratio 0.217391)
      (net 39 +3V3))
    (pad 1 smd roundrect (at -1.025 0 180) (size 1.15 1.4) (layers F.Cu F.Paste F.Mask) (roundrect_rratio 0.217391)
      (net 1 GND))
    (model ${KISYS3DMOD}/Capacitor_SMD.3dshapes/C_0805_2012Metric.wrl
      (at (xyz 0 0 0))
      (scale (xyz 1 1 1))
      (rotate (xyz 0 0 0))
    )
  )

  (module Capacitor_SMD:C_0805_2012Metric_Pad1.15x1.40mm_HandSolder (layer F.Cu) (tedit 5B36C52B) (tstamp 5C434116)
    (at 165.5 47.875 270)
    (descr "Capacitor SMD 0805 (2012 Metric), square (rectangular) end terminal, IPC_7351 nominal with elongated pad for handsoldering. (Body size source: https://docs.google.com/spreadsheets/d/1BsfQQcO9C6DZCsRaXUlFlo91Tg2WpOkGARC1WS5S8t0/edit?usp=sharing), generated with kicad-footprint-generator")
    (tags "capacitor handsolder")
    (path /5C59E63F)
    (attr smd)
    (fp_text reference C4 (at 0.05 1.7 270) (layer F.SilkS)
      (effects (font (size 1 1) (thickness 0.15)))
    )
    (fp_text value 0.1u (at 0 1.65 270) (layer F.Fab)
      (effects (font (size 1 1) (thickness 0.15)))
    )
    (fp_line (start -1 0.6) (end -1 -0.6) (layer F.Fab) (width 0.1))
    (fp_line (start -1 -0.6) (end 1 -0.6) (layer F.Fab) (width 0.1))
    (fp_line (start 1 -0.6) (end 1 0.6) (layer F.Fab) (width 0.1))
    (fp_line (start 1 0.6) (end -1 0.6) (layer F.Fab) (width 0.1))
    (fp_line (start -0.261252 -0.71) (end 0.261252 -0.71) (layer F.SilkS) (width 0.12))
    (fp_line (start -0.261252 0.71) (end 0.261252 0.71) (layer F.SilkS) (width 0.12))
    (fp_line (start -1.85 0.95) (end -1.85 -0.95) (layer F.CrtYd) (width 0.05))
    (fp_line (start -1.85 -0.95) (end 1.85 -0.95) (layer F.CrtYd) (width 0.05))
    (fp_line (start 1.85 -0.95) (end 1.85 0.95) (layer F.CrtYd) (width 0.05))
    (fp_line (start 1.85 0.95) (end -1.85 0.95) (layer F.CrtYd) (width 0.05))
    (fp_text user %R (at 0 0 270) (layer F.Fab)
      (effects (font (size 0.5 0.5) (thickness 0.08)))
    )
    (pad 1 smd roundrect (at -1.025 0 270) (size 1.15 1.4) (layers F.Cu F.Paste F.Mask) (roundrect_rratio 0.217391)
      (net 1 GND))
    (pad 2 smd roundrect (at 1.025 0 270) (size 1.15 1.4) (layers F.Cu F.Paste F.Mask) (roundrect_rratio 0.217391)
      (net 39 +3V3))
    (model ${KISYS3DMOD}/Capacitor_SMD.3dshapes/C_0805_2012Metric.wrl
      (at (xyz 0 0 0))
      (scale (xyz 1 1 1))
      (rotate (xyz 0 0 0))
    )
  )

  (module Capacitor_SMD:C_0805_2012Metric_Pad1.15x1.40mm_HandSolder (layer F.Cu) (tedit 5B36C52B) (tstamp 5C434126)
    (at 163.3 47.9 270)
    (descr "Capacitor SMD 0805 (2012 Metric), square (rectangular) end terminal, IPC_7351 nominal with elongated pad for handsoldering. (Body size source: https://docs.google.com/spreadsheets/d/1BsfQQcO9C6DZCsRaXUlFlo91Tg2WpOkGARC1WS5S8t0/edit?usp=sharing), generated with kicad-footprint-generator")
    (tags "capacitor handsolder")
    (path /5C59E6E5)
    (attr smd)
    (fp_text reference C5 (at 0 -1.65 270) (layer F.SilkS)
      (effects (font (size 1 1) (thickness 0.15)))
    )
    (fp_text value 4.7u (at 0 1.65 270) (layer F.Fab)
      (effects (font (size 1 1) (thickness 0.15)))
    )
    (fp_text user %R (at 0 0 270) (layer F.Fab)
      (effects (font (size 0.5 0.5) (thickness 0.08)))
    )
    (fp_line (start 1.85 0.95) (end -1.85 0.95) (layer F.CrtYd) (width 0.05))
    (fp_line (start 1.85 -0.95) (end 1.85 0.95) (layer F.CrtYd) (width 0.05))
    (fp_line (start -1.85 -0.95) (end 1.85 -0.95) (layer F.CrtYd) (width 0.05))
    (fp_line (start -1.85 0.95) (end -1.85 -0.95) (layer F.CrtYd) (width 0.05))
    (fp_line (start -0.261252 0.71) (end 0.261252 0.71) (layer F.SilkS) (width 0.12))
    (fp_line (start -0.261252 -0.71) (end 0.261252 -0.71) (layer F.SilkS) (width 0.12))
    (fp_line (start 1 0.6) (end -1 0.6) (layer F.Fab) (width 0.1))
    (fp_line (start 1 -0.6) (end 1 0.6) (layer F.Fab) (width 0.1))
    (fp_line (start -1 -0.6) (end 1 -0.6) (layer F.Fab) (width 0.1))
    (fp_line (start -1 0.6) (end -1 -0.6) (layer F.Fab) (width 0.1))
    (pad 2 smd roundrect (at 1.025 0 270) (size 1.15 1.4) (layers F.Cu F.Paste F.Mask) (roundrect_rratio 0.217391)
      (net 39 +3V3))
    (pad 1 smd roundrect (at -1.025 0 270) (size 1.15 1.4) (layers F.Cu F.Paste F.Mask) (roundrect_rratio 0.217391)
      (net 1 GND))
    (model ${KISYS3DMOD}/Capacitor_SMD.3dshapes/C_0805_2012Metric.wrl
      (at (xyz 0 0 0))
      (scale (xyz 1 1 1))
      (rotate (xyz 0 0 0))
    )
  )

  (module Capacitor_SMD:C_0805_2012Metric_Pad1.15x1.40mm_HandSolder (layer F.Cu) (tedit 5B36C52B) (tstamp 5C434136)
    (at 154.2 42.9 90)
    (descr "Capacitor SMD 0805 (2012 Metric), square (rectangular) end terminal, IPC_7351 nominal with elongated pad for handsoldering. (Body size source: https://docs.google.com/spreadsheets/d/1BsfQQcO9C6DZCsRaXUlFlo91Tg2WpOkGARC1WS5S8t0/edit?usp=sharing), generated with kicad-footprint-generator")
    (tags "capacitor handsolder")
    (path /5C5B2500)
    (attr smd)
    (fp_text reference C6 (at 2.9 0 90) (layer F.SilkS)
      (effects (font (size 1 1) (thickness 0.15)))
    )
    (fp_text value 18p (at 0 1.65 90) (layer F.Fab)
      (effects (font (size 1 1) (thickness 0.15)))
    )
    (fp_line (start -1 0.6) (end -1 -0.6) (layer F.Fab) (width 0.1))
    (fp_line (start -1 -0.6) (end 1 -0.6) (layer F.Fab) (width 0.1))
    (fp_line (start 1 -0.6) (end 1 0.6) (layer F.Fab) (width 0.1))
    (fp_line (start 1 0.6) (end -1 0.6) (layer F.Fab) (width 0.1))
    (fp_line (start -0.261252 -0.71) (end 0.261252 -0.71) (layer F.SilkS) (width 0.12))
    (fp_line (start -0.261252 0.71) (end 0.261252 0.71) (layer F.SilkS) (width 0.12))
    (fp_line (start -1.85 0.95) (end -1.85 -0.95) (layer F.CrtYd) (width 0.05))
    (fp_line (start -1.85 -0.95) (end 1.85 -0.95) (layer F.CrtYd) (width 0.05))
    (fp_line (start 1.85 -0.95) (end 1.85 0.95) (layer F.CrtYd) (width 0.05))
    (fp_line (start 1.85 0.95) (end -1.85 0.95) (layer F.CrtYd) (width 0.05))
    (fp_text user %R (at 0 0 90) (layer F.Fab)
      (effects (font (size 0.5 0.5) (thickness 0.08)))
    )
    (pad 1 smd roundrect (at -1.025 0 90) (size 1.15 1.4) (layers F.Cu F.Paste F.Mask) (roundrect_rratio 0.217391)
      (net 1 GND))
    (pad 2 smd roundrect (at 1.025 0 90) (size 1.15 1.4) (layers F.Cu F.Paste F.Mask) (roundrect_rratio 0.217391)
      (net 30 OSC_IN))
    (model ${KISYS3DMOD}/Capacitor_SMD.3dshapes/C_0805_2012Metric.wrl
      (at (xyz 0 0 0))
      (scale (xyz 1 1 1))
      (rotate (xyz 0 0 0))
    )
  )

  (module Capacitor_SMD:C_0805_2012Metric_Pad1.15x1.40mm_HandSolder (layer F.Cu) (tedit 5B36C52B) (tstamp 5C7E1344)
    (at 154.2 48.225 270)
    (descr "Capacitor SMD 0805 (2012 Metric), square (rectangular) end terminal, IPC_7351 nominal with elongated pad for handsoldering. (Body size source: https://docs.google.com/spreadsheets/d/1BsfQQcO9C6DZCsRaXUlFlo91Tg2WpOkGARC1WS5S8t0/edit?usp=sharing), generated with kicad-footprint-generator")
    (tags "capacitor handsolder")
    (path /5C5B3876)
    (attr smd)
    (fp_text reference C7 (at -2.625 0 270) (layer F.SilkS)
      (effects (font (size 1 1) (thickness 0.15)))
    )
    (fp_text value 18p (at 0 1.65 270) (layer F.Fab)
      (effects (font (size 1 1) (thickness 0.15)))
    )
    (fp_line (start -1 0.6) (end -1 -0.6) (layer F.Fab) (width 0.1))
    (fp_line (start -1 -0.6) (end 1 -0.6) (layer F.Fab) (width 0.1))
    (fp_line (start 1 -0.6) (end 1 0.6) (layer F.Fab) (width 0.1))
    (fp_line (start 1 0.6) (end -1 0.6) (layer F.Fab) (width 0.1))
    (fp_line (start -0.261252 -0.71) (end 0.261252 -0.71) (layer F.SilkS) (width 0.12))
    (fp_line (start -0.261252 0.71) (end 0.261252 0.71) (layer F.SilkS) (width 0.12))
    (fp_line (start -1.85 0.95) (end -1.85 -0.95) (layer F.CrtYd) (width 0.05))
    (fp_line (start -1.85 -0.95) (end 1.85 -0.95) (layer F.CrtYd) (width 0.05))
    (fp_line (start 1.85 -0.95) (end 1.85 0.95) (layer F.CrtYd) (width 0.05))
    (fp_line (start 1.85 0.95) (end -1.85 0.95) (layer F.CrtYd) (width 0.05))
    (fp_text user %R (at 0 0 270) (layer F.Fab)
      (effects (font (size 0.5 0.5) (thickness 0.08)))
    )
    (pad 1 smd roundrect (at -1.025 0 270) (size 1.15 1.4) (layers F.Cu F.Paste F.Mask) (roundrect_rratio 0.217391)
      (net 1 GND))
    (pad 2 smd roundrect (at 1.025 0 270) (size 1.15 1.4) (layers F.Cu F.Paste F.Mask) (roundrect_rratio 0.217391)
      (net 40 OSC_OUT))
    (model ${KISYS3DMOD}/Capacitor_SMD.3dshapes/C_0805_2012Metric.wrl
      (at (xyz 0 0 0))
      (scale (xyz 1 1 1))
      (rotate (xyz 0 0 0))
    )
  )

  (module Capacitor_SMD:C_0805_2012Metric_Pad1.15x1.40mm_HandSolder (layer F.Cu) (tedit 5B36C52B) (tstamp 5C66803D)
    (at 164.375 42.9)
    (descr "Capacitor SMD 0805 (2012 Metric), square (rectangular) end terminal, IPC_7351 nominal with elongated pad for handsoldering. (Body size source: https://docs.google.com/spreadsheets/d/1BsfQQcO9C6DZCsRaXUlFlo91Tg2WpOkGARC1WS5S8t0/edit?usp=sharing), generated with kicad-footprint-generator")
    (tags "capacitor handsolder")
    (path /5C5FFC8A)
    (attr smd)
    (fp_text reference C8 (at -0.018426 1.742727) (layer F.SilkS)
      (effects (font (size 1 1) (thickness 0.15)))
    )
    (fp_text value 0.1u (at 0 1.65) (layer F.Fab)
      (effects (font (size 1 1) (thickness 0.15)))
    )
    (fp_line (start -1 0.6) (end -1 -0.6) (layer F.Fab) (width 0.1))
    (fp_line (start -1 -0.6) (end 1 -0.6) (layer F.Fab) (width 0.1))
    (fp_line (start 1 -0.6) (end 1 0.6) (layer F.Fab) (width 0.1))
    (fp_line (start 1 0.6) (end -1 0.6) (layer F.Fab) (width 0.1))
    (fp_line (start -0.261252 -0.71) (end 0.261252 -0.71) (layer F.SilkS) (width 0.12))
    (fp_line (start -0.261252 0.71) (end 0.261252 0.71) (layer F.SilkS) (width 0.12))
    (fp_line (start -1.85 0.95) (end -1.85 -0.95) (layer F.CrtYd) (width 0.05))
    (fp_line (start -1.85 -0.95) (end 1.85 -0.95) (layer F.CrtYd) (width 0.05))
    (fp_line (start 1.85 -0.95) (end 1.85 0.95) (layer F.CrtYd) (width 0.05))
    (fp_line (start 1.85 0.95) (end -1.85 0.95) (layer F.CrtYd) (width 0.05))
    (fp_text user %R (at 0 0) (layer F.Fab)
      (effects (font (size 0.5 0.5) (thickness 0.08)))
    )
    (pad 1 smd roundrect (at -1.025 0) (size 1.15 1.4) (layers F.Cu F.Paste F.Mask) (roundrect_rratio 0.217391)
      (net 1 GND))
    (pad 2 smd roundrect (at 1.025 0) (size 1.15 1.4) (layers F.Cu F.Paste F.Mask) (roundrect_rratio 0.217391)
      (net 31 NRST))
    (model ${KISYS3DMOD}/Capacitor_SMD.3dshapes/C_0805_2012Metric.wrl
      (at (xyz 0 0 0))
      (scale (xyz 1 1 1))
      (rotate (xyz 0 0 0))
    )
  )

  (module Resistor_SMD:R_0805_2012Metric_Pad1.15x1.40mm_HandSolder (layer F.Cu) (tedit 5B36C52B) (tstamp 5C4342AC)
    (at 147.025 53.9 180)
    (descr "Resistor SMD 0805 (2012 Metric), square (rectangular) end terminal, IPC_7351 nominal with elongated pad for handsoldering. (Body size source: https://docs.google.com/spreadsheets/d/1BsfQQcO9C6DZCsRaXUlFlo91Tg2WpOkGARC1WS5S8t0/edit?usp=sharing), generated with kicad-footprint-generator")
    (tags "resistor handsolder")
    (path /5C5A6663)
    (attr smd)
    (fp_text reference R1 (at 0 -1.65 180) (layer F.SilkS)
      (effects (font (size 1 1) (thickness 0.15)))
    )
    (fp_text value 1.5k (at 0 1.65 180) (layer F.Fab)
      (effects (font (size 1 1) (thickness 0.15)))
    )
    (fp_line (start -1 0.6) (end -1 -0.6) (layer F.Fab) (width 0.1))
    (fp_line (start -1 -0.6) (end 1 -0.6) (layer F.Fab) (width 0.1))
    (fp_line (start 1 -0.6) (end 1 0.6) (layer F.Fab) (width 0.1))
    (fp_line (start 1 0.6) (end -1 0.6) (layer F.Fab) (width 0.1))
    (fp_line (start -0.261252 -0.71) (end 0.261252 -0.71) (layer F.SilkS) (width 0.12))
    (fp_line (start -0.261252 0.71) (end 0.261252 0.71) (layer F.SilkS) (width 0.12))
    (fp_line (start -1.85 0.95) (end -1.85 -0.95) (layer F.CrtYd) (width 0.05))
    (fp_line (start -1.85 -0.95) (end 1.85 -0.95) (layer F.CrtYd) (width 0.05))
    (fp_line (start 1.85 -0.95) (end 1.85 0.95) (layer F.CrtYd) (width 0.05))
    (fp_line (start 1.85 0.95) (end -1.85 0.95) (layer F.CrtYd) (width 0.05))
    (fp_text user %R (at 0 0 180) (layer F.Fab)
      (effects (font (size 0.5 0.5) (thickness 0.08)))
    )
    (pad 1 smd roundrect (at -1.025 0 180) (size 1.15 1.4) (layers F.Cu F.Paste F.Mask) (roundrect_rratio 0.217391)
      (net 39 +3V3))
    (pad 2 smd roundrect (at 1.025 0 180) (size 1.15 1.4) (layers F.Cu F.Paste F.Mask) (roundrect_rratio 0.217391)
      (net 45 USB_P))
    (model ${KISYS3DMOD}/Resistor_SMD.3dshapes/R_0805_2012Metric.wrl
      (at (xyz 0 0 0))
      (scale (xyz 1 1 1))
      (rotate (xyz 0 0 0))
    )
  )

  (module Resistor_SMD:R_0805_2012Metric_Pad1.15x1.40mm_HandSolder (layer F.Cu) (tedit 5B36C52B) (tstamp 5C4342DC)
    (at 175.375 38.4 180)
    (descr "Resistor SMD 0805 (2012 Metric), square (rectangular) end terminal, IPC_7351 nominal with elongated pad for handsoldering. (Body size source: https://docs.google.com/spreadsheets/d/1BsfQQcO9C6DZCsRaXUlFlo91Tg2WpOkGARC1WS5S8t0/edit?usp=sharing), generated with kicad-footprint-generator")
    (tags "resistor handsolder")
    (path /5C614639)
    (attr smd)
    (fp_text reference R4 (at -0.01 -1.6 180) (layer F.SilkS)
      (effects (font (size 1 1) (thickness 0.15)))
    )
    (fp_text value 10k (at 0 1.65 180) (layer F.Fab)
      (effects (font (size 1 1) (thickness 0.15)))
    )
    (fp_line (start -1 0.6) (end -1 -0.6) (layer F.Fab) (width 0.1))
    (fp_line (start -1 -0.6) (end 1 -0.6) (layer F.Fab) (width 0.1))
    (fp_line (start 1 -0.6) (end 1 0.6) (layer F.Fab) (width 0.1))
    (fp_line (start 1 0.6) (end -1 0.6) (layer F.Fab) (width 0.1))
    (fp_line (start -0.261252 -0.71) (end 0.261252 -0.71) (layer F.SilkS) (width 0.12))
    (fp_line (start -0.261252 0.71) (end 0.261252 0.71) (layer F.SilkS) (width 0.12))
    (fp_line (start -1.85 0.95) (end -1.85 -0.95) (layer F.CrtYd) (width 0.05))
    (fp_line (start -1.85 -0.95) (end 1.85 -0.95) (layer F.CrtYd) (width 0.05))
    (fp_line (start 1.85 -0.95) (end 1.85 0.95) (layer F.CrtYd) (width 0.05))
    (fp_line (start 1.85 0.95) (end -1.85 0.95) (layer F.CrtYd) (width 0.05))
    (fp_text user %R (at 0 0 180) (layer F.Fab)
      (effects (font (size 0.5 0.5) (thickness 0.08)))
    )
    (pad 1 smd roundrect (at -1.025 0 180) (size 1.15 1.4) (layers F.Cu F.Paste F.Mask) (roundrect_rratio 0.217391)
      (net 1 GND))
    (pad 2 smd roundrect (at 1.025 0 180) (size 1.15 1.4) (layers F.Cu F.Paste F.Mask) (roundrect_rratio 0.217391)
      (net 33 BOOT))
    (model ${KISYS3DMOD}/Resistor_SMD.3dshapes/R_0805_2012Metric.wrl
      (at (xyz 0 0 0))
      (scale (xyz 1 1 1))
      (rotate (xyz 0 0 0))
    )
  )

  (module Button_Switch_Keyboard:SW_Cherry_MX1A_1.00u_Plate (layer F.Cu) (tedit 5A02FE24) (tstamp 5C486B04)
    (at 120.68175 60.10275)
    (descr "Cherry MX keyswitch, MX1A, 1.00u, plate mount, http://cherryamericas.com/wp-content/uploads/2014/12/mx_cat.pdf")
    (tags "cherry mx keyswitch MX1A 1.00u plate")
    (path /5D7467E1/5D7480E9)
    (fp_text reference K1_1 (at -2.54 -2.794) (layer F.SilkS)
      (effects (font (size 1 1) (thickness 0.15)))
    )
    (fp_text value KEYSW (at -2.54 12.954) (layer F.Fab)
      (effects (font (size 1 1) (thickness 0.15)))
    )
    (fp_text user %R (at -2.54 -2.794) (layer F.Fab)
      (effects (font (size 1 1) (thickness 0.15)))
    )
    (fp_line (start -8.89 -1.27) (end 3.81 -1.27) (layer F.Fab) (width 0.15))
    (fp_line (start 3.81 -1.27) (end 3.81 11.43) (layer F.Fab) (width 0.15))
    (fp_line (start 3.81 11.43) (end -8.89 11.43) (layer F.Fab) (width 0.15))
    (fp_line (start -8.89 11.43) (end -8.89 -1.27) (layer F.Fab) (width 0.15))
    (fp_line (start -9.14 11.68) (end -9.14 -1.52) (layer F.CrtYd) (width 0.05))
    (fp_line (start 4.06 11.68) (end -9.14 11.68) (layer F.CrtYd) (width 0.05))
    (fp_line (start 4.06 -1.52) (end 4.06 11.68) (layer F.CrtYd) (width 0.05))
    (fp_line (start -9.14 -1.52) (end 4.06 -1.52) (layer F.CrtYd) (width 0.05))
    (fp_line (start -12.065 -4.445) (end 6.985 -4.445) (layer Dwgs.User) (width 0.15))
    (fp_line (start 6.985 -4.445) (end 6.985 14.605) (layer Dwgs.User) (width 0.15))
    (fp_line (start 6.985 14.605) (end -12.065 14.605) (layer Dwgs.User) (width 0.15))
    (fp_line (start -12.065 14.605) (end -12.065 -4.445) (layer Dwgs.User) (width 0.15))
    (fp_line (start -9.525 -1.905) (end 4.445 -1.905) (layer F.SilkS) (width 0.12))
    (fp_line (start 4.445 -1.905) (end 4.445 12.065) (layer F.SilkS) (width 0.12))
    (fp_line (start 4.445 12.065) (end -9.525 12.065) (layer F.SilkS) (width 0.12))
    (fp_line (start -9.525 12.065) (end -9.525 -1.905) (layer F.SilkS) (width 0.12))
    (pad 1 thru_hole circle (at 0 0) (size 2.2 2.2) (drill 1.5) (layers *.Cu *.Mask)
      (net 3 "Net-(D2-Pad2)"))
    (pad 2 thru_hole circle (at -6.35 2.54) (size 2.2 2.2) (drill 1.5) (layers *.Cu *.Mask)
      (net 18 Row1))
    (pad "" np_thru_hole circle (at -2.54 5.08) (size 4 4) (drill 4) (layers *.Cu *.Mask))
    (model ${KISYS3DMOD}/Button_Switch_Keyboard.3dshapes/SW_Cherry_MX1A_1.00u_Plate.wrl
      (at (xyz 0 0 0))
      (scale (xyz 1 1 1))
      (rotate (xyz 0 0 0))
    )
  )

  (module Button_Switch_Keyboard:SW_Cherry_MX1A_1.00u_Plate (layer F.Cu) (tedit 5A02FE24) (tstamp 5C486B1B)
    (at 139.73175 60.10275)
    (descr "Cherry MX keyswitch, MX1A, 1.00u, plate mount, http://cherryamericas.com/wp-content/uploads/2014/12/mx_cat.pdf")
    (tags "cherry mx keyswitch MX1A 1.00u plate")
    (path /5D7467E1/5D748104)
    (fp_text reference K1_2 (at -2.54 -2.794) (layer F.SilkS)
      (effects (font (size 1 1) (thickness 0.15)))
    )
    (fp_text value KEYSW (at -2.54 12.954) (layer F.Fab)
      (effects (font (size 1 1) (thickness 0.15)))
    )
    (fp_text user %R (at -2.54 -2.794) (layer F.Fab)
      (effects (font (size 1 1) (thickness 0.15)))
    )
    (fp_line (start -8.89 -1.27) (end 3.81 -1.27) (layer F.Fab) (width 0.15))
    (fp_line (start 3.81 -1.27) (end 3.81 11.43) (layer F.Fab) (width 0.15))
    (fp_line (start 3.81 11.43) (end -8.89 11.43) (layer F.Fab) (width 0.15))
    (fp_line (start -8.89 11.43) (end -8.89 -1.27) (layer F.Fab) (width 0.15))
    (fp_line (start -9.14 11.68) (end -9.14 -1.52) (layer F.CrtYd) (width 0.05))
    (fp_line (start 4.06 11.68) (end -9.14 11.68) (layer F.CrtYd) (width 0.05))
    (fp_line (start 4.06 -1.52) (end 4.06 11.68) (layer F.CrtYd) (width 0.05))
    (fp_line (start -9.14 -1.52) (end 4.06 -1.52) (layer F.CrtYd) (width 0.05))
    (fp_line (start -12.065 -4.445) (end 6.985 -4.445) (layer Dwgs.User) (width 0.15))
    (fp_line (start 6.985 -4.445) (end 6.985 14.605) (layer Dwgs.User) (width 0.15))
    (fp_line (start 6.985 14.605) (end -12.065 14.605) (layer Dwgs.User) (width 0.15))
    (fp_line (start -12.065 14.605) (end -12.065 -4.445) (layer Dwgs.User) (width 0.15))
    (fp_line (start -9.525 -1.905) (end 4.445 -1.905) (layer F.SilkS) (width 0.12))
    (fp_line (start 4.445 -1.905) (end 4.445 12.065) (layer F.SilkS) (width 0.12))
    (fp_line (start 4.445 12.065) (end -9.525 12.065) (layer F.SilkS) (width 0.12))
    (fp_line (start -9.525 12.065) (end -9.525 -1.905) (layer F.SilkS) (width 0.12))
    (pad 1 thru_hole circle (at 0 0) (size 2.2 2.2) (drill 1.5) (layers *.Cu *.Mask)
      (net 11 "Net-(D5-Pad2)"))
    (pad 2 thru_hole circle (at -6.35 2.54) (size 2.2 2.2) (drill 1.5) (layers *.Cu *.Mask)
      (net 18 Row1))
    (pad "" np_thru_hole circle (at -2.54 5.08) (size 4 4) (drill 4) (layers *.Cu *.Mask))
    (model ${KISYS3DMOD}/Button_Switch_Keyboard.3dshapes/SW_Cherry_MX1A_1.00u_Plate.wrl
      (at (xyz 0 0 0))
      (scale (xyz 1 1 1))
      (rotate (xyz 0 0 0))
    )
  )

  (module Button_Switch_Keyboard:SW_Cherry_MX1A_1.00u_Plate (layer F.Cu) (tedit 5A02FE24) (tstamp 5C486B32)
    (at 158.78175 60.10275)
    (descr "Cherry MX keyswitch, MX1A, 1.00u, plate mount, http://cherryamericas.com/wp-content/uploads/2014/12/mx_cat.pdf")
    (tags "cherry mx keyswitch MX1A 1.00u plate")
    (path /5D7467E1/5D74811F)
    (fp_text reference K1_3 (at -2.54 -2.794) (layer F.SilkS)
      (effects (font (size 1 1) (thickness 0.15)))
    )
    (fp_text value KEYSW (at -2.54 12.954) (layer F.Fab)
      (effects (font (size 1 1) (thickness 0.15)))
    )
    (fp_line (start -9.525 12.065) (end -9.525 -1.905) (layer F.SilkS) (width 0.12))
    (fp_line (start 4.445 12.065) (end -9.525 12.065) (layer F.SilkS) (width 0.12))
    (fp_line (start 4.445 -1.905) (end 4.445 12.065) (layer F.SilkS) (width 0.12))
    (fp_line (start -9.525 -1.905) (end 4.445 -1.905) (layer F.SilkS) (width 0.12))
    (fp_line (start -12.065 14.605) (end -12.065 -4.445) (layer Dwgs.User) (width 0.15))
    (fp_line (start 6.985 14.605) (end -12.065 14.605) (layer Dwgs.User) (width 0.15))
    (fp_line (start 6.985 -4.445) (end 6.985 14.605) (layer Dwgs.User) (width 0.15))
    (fp_line (start -12.065 -4.445) (end 6.985 -4.445) (layer Dwgs.User) (width 0.15))
    (fp_line (start -9.14 -1.52) (end 4.06 -1.52) (layer F.CrtYd) (width 0.05))
    (fp_line (start 4.06 -1.52) (end 4.06 11.68) (layer F.CrtYd) (width 0.05))
    (fp_line (start 4.06 11.68) (end -9.14 11.68) (layer F.CrtYd) (width 0.05))
    (fp_line (start -9.14 11.68) (end -9.14 -1.52) (layer F.CrtYd) (width 0.05))
    (fp_line (start -8.89 11.43) (end -8.89 -1.27) (layer F.Fab) (width 0.15))
    (fp_line (start 3.81 11.43) (end -8.89 11.43) (layer F.Fab) (width 0.15))
    (fp_line (start 3.81 -1.27) (end 3.81 11.43) (layer F.Fab) (width 0.15))
